scan_utc,scan_start,scan_end,ticker,alias,award_group,date_type,error
2026-08-19T03:11:21.480986+00:00,2026-08-17,2026-08-19,SPR,SPIRIT AEROSYSTEMS INC,contracts,last_modified_date,"USAspending award-watch failed after retries for SPR / 'SPIRIT AEROSYSTEMS INC' / contracts / last_modified_date / page 1: ('Connection aborted.', RemoteDisconnected('Remote end closed connection without response'))"
2026-08-19T03:11:21.481043+00:00,2026-08-17,2026-08-19,SPR,SPIRIT AEROSYSTEMS INC,idvs,action_date,"USAspending award-watch failed after retries for SPR / 'SPIRIT AEROSYSTEMS INC' / idvs / action_date / page 1: ('Connection aborted.', RemoteDisconnected('Remote end closed connection without response'))"
2026-08-19T03:11:21.481049+00:00,2026-08-17,2026-08-19,SPR,SPIRIT AEROSYSTEMS INC,idvs,last_modified_date,"USAspending award-watch failed after retries for SPR / 'SPIRIT AEROSYSTEMS INC' / idvs / last_modified_date / page 1: ('Connection aborted.', RemoteDisconnected('Remote end closed connection without response'))"
2026-08-19T03:11:21.481054+00:00,2026-08-17,2026-08-19,TXT,TEXTRON,contracts,action_date,"USAspending award-watch failed after retries for TXT / 'TEXTRON' / contracts / action_date / page 1: ('Connection aborted.', RemoteDisconnected('Remote end closed connection without response'))"
2026-08-19T03:11:21.481058+00:00,2026-08-17,2026-08-19,TXT,TEXTRON,contracts,last_modified_date,"USAspending award-watch failed after retries for TXT / 'TEXTRON' / contracts / last_modified_date / page 1: ('Connection aborted.', RemoteDisconnected('Remote end closed connection without response'))"
2026-08-19T15:10:23.459522+00:00,2026-08-17,2026-08-19,SPR,SPIRIT AEROSYSTEMS INC,contracts,last_modified_date,"USAspending award-watch failed after retries for SPR / 'SPIRIT AEROSYSTEMS INC' / contracts / last_modified_date / page 1: ('Connection aborted.', RemoteDisconnected('Remote end closed connection without response'))"
2026-08-19T15:10:23.459566+00:00,2026-08-17,2026-08-19,SPR,SPIRIT AEROSYSTEMS INC,idvs,action_date,"USAspending award-watch failed after retries for SPR / 'SPIRIT AEROSYSTEMS INC' / idvs / action_date / page 1: ('Connection aborted.', RemoteDisconnected('Remote end closed connection without response'))"
2026-08-19T15:10:23.459573+00:00,2026-08-17,2026-08-19,SPR,SPIRIT AEROSYSTEMS INC,idvs,last_modified_date,"USAspending award-watch failed after retries for SPR / 'SPIRIT AEROSYSTEMS INC' / idvs / last_modified_date / page 1: ('Connection aborted.', RemoteDisconnected('Remote end closed connection without response'))"
2026-08-19T15:10:23.459578+00:00,2026-08-17,2026-08-19,TXT,TEXTRON,contracts,action_date,"USAspending award-watch failed after retries for TXT / 'TEXTRON' / contracts / action_date / page 1: ('Connection aborted.', RemoteDisconnected('Remote end closed connection without response'))"
2026-08-19T15:10:23.459583+00:00,2026-08-17,2026-08-19,TXT,TEXTRON,contracts,last_modified_date,"USAspending award-watch failed after retries for TXT / 'TEXTRON' / contracts / last_modified_date / page 1: ('Connection aborted.', RemoteDisconnected('Remote end closed connection without response'))"
2026-08-20T15:14:39.321179+00:00,2026-08-18,2026-08-20,SPR,SPIRIT AEROSYSTEMS INC,contracts,last_modified_date,"USAspending award-watch failed after retries for SPR / 'SPIRIT AEROSYSTEMS INC' / contracts / last_modified_date / page 1: ('Connection aborted.', RemoteDisconnected('Remote end closed connection without response'))"
2026-08-20T15:14:39.321216+00:00,2026-08-18,2026-08-20,SPR,SPIRIT AEROSYSTEMS INC,idvs,action_date,"USAspending award-watch failed after retries for SPR / 'SPIRIT AEROSYSTEMS INC' / idvs / action_date / page 1: ('Connection aborted.', RemoteDisconnected('Remote end closed connection without response'))"
2026-08-20T15:14:39.321223+00:00,2026-08-18,2026-08-20,SPR,SPIRIT AEROSYSTEMS INC,idvs,last_modified_date,"USAspending award-watch failed after retries for SPR / 'SPIRIT AEROSYSTEMS INC' / idvs / last_modified_date / page 1: ('Connection aborted.', RemoteDisconnected('Remote end closed connection without response'))"
2026-08-20T15:14:39.321228+00:00,2026-08-18,2026-08-20,TXT,TEXTRON,contracts,action_date,"USAspending award-watch failed after retries for TXT / 'TEXTRON' / contracts / action_date / page 1: ('Connection aborted.', RemoteDisconnected('Remote end closed connection without response'))"
2026-08-20T15:14:39.321234+00:00,2026-08-18,2026-08-20,TXT,TEXTRON,contracts,last_modified_date,"USAspending award-watch failed after retries for TXT / 'TEXTRON' / contracts / last_modified_date / page 1: ('Connection aborted.', RemoteDisconnected('Remote end closed connection without response'))"
2026-08-21T15:12:34.357346+00:00,2026-08-19,2026-08-21,SPR,SPIRIT AEROSYSTEMS INC,contracts,last_modified_date,"USAspending award-watch failed after retries for SPR / 'SPIRIT AEROSYSTEMS INC' / contracts / last_modified_date / page 1: ('Connection aborted.', RemoteDisconnected('Remote end closed connection without response'))"
2026-08-21T15:12:34.357381+00:00,2026-08-19,2026-08-21,SPR,SPIRIT AEROSYSTEMS INC,idvs,action_date,"USAspending award-watch failed after retries for SPR / 'SPIRIT AEROSYSTEMS INC' / idvs / action_date / page 1: ('Connection aborted.', RemoteDisconnected('Remote end closed connection without response'))"
2026-08-21T15:12:34.357388+00:00,2026-08-19,2026-08-21,SPR,SPIRIT AEROSYSTEMS INC,idvs,last_modified_date,"USAspending award-watch failed after retries for SPR / 'SPIRIT AEROSYSTEMS INC' / idvs / last_modified_date / page 1: ('Connection aborted.', RemoteDisconnected('Remote end closed connection without response'))"
2026-08-21T15:12:34.357393+00:00,2026-08-19,2026-08-21,TXT,TEXTRON,contracts,action_date,"USAspending award-watch failed after retries for TXT / 'TEXTRON' / contracts / action_date / page 1: ('Connection aborted.', RemoteDisconnected('Remote end closed connection without response'))"
2026-08-21T15:12:34.357397+00:00,2026-08-19,2026-08-21,TXT,TEXTRON,contracts,last_modified_date,"USAspending award-watch failed after retries for TXT / 'TEXTRON' / contracts / last_modified_date / page 1: ('Connection aborted.', RemoteDisconnected('Remote end closed connection without response'))"
2026-08-24T15:30:24.105131+00:00,2026-08-20,2026-08-24,SPR,SPIRIT AEROSYSTEMS INC,contracts,last_modified_date,"USAspending award-watch failed after retries for SPR / 'SPIRIT AEROSYSTEMS INC' / contracts / last_modified_date / page 1: ('Connection aborted.', RemoteDisconnected('Remote end closed connection without response'))"
2026-08-24T15:30:24.105174+00:00,2026-08-20,2026-08-24,SPR,SPIRIT AEROSYSTEMS INC,idvs,action_date,"USAspending award-watch failed after retries for SPR / 'SPIRIT AEROSYSTEMS INC' / idvs / action_date / page 1: ('Connection aborted.', RemoteDisconnected('Remote end closed connection without response'))"
2026-08-24T15:30:24.105181+00:00,2026-08-20,2026-08-24,SPR,SPIRIT AEROSYSTEMS INC,idvs,last_modified_date,"USAspending award-watch failed after retries for SPR / 'SPIRIT AEROSYSTEMS INC' / idvs / last_modified_date / page 1: ('Connection aborted.', RemoteDisconnected('Remote end closed connection without response'))"
2026-08-24T15:30:24.105186+00:00,2026-08-20,2026-08-24,TXT,TEXTRON,contracts,action_date,"USAspending award-watch failed after retries for TXT / 'TEXTRON' / contracts / action_date / page 1: ('Connection aborted.', RemoteDisconnected('Remote end closed connection without response'))"
2026-08-24T15:30:24.105227+00:00,2026-08-20,2026-08-24,TXT,TEXTRON,contracts,last_modified_date,"USAspending award-watch failed after retries for TXT / 'TEXTRON' / contracts / last_modified_date / page 1: ('Connection aborted.', RemoteDisconnected('Remote end closed connection without response'))"
2026-08-25T15:36:42.461597+00:00,2026-08-23,2026-08-25,SPR,SPIRIT AEROSYSTEMS INC,contracts,last_modified_date,"USAspending award-watch failed after retries for SPR / 'SPIRIT AEROSYSTEMS INC' / contracts / last_modified_date / page 1: ('Connection aborted.', RemoteDisconnected('Remote end closed connection without response'))"
2026-08-25T15:36:42.461646+00:00,2026-08-23,2026-08-25,SPR,SPIRIT AEROSYSTEMS INC,idvs,action_date,"USAspending award-watch failed after retries for SPR / 'SPIRIT AEROSYSTEMS INC' / idvs / action_date / page 1: ('Connection aborted.', RemoteDisconnected('Remote end closed connection without response'))"
2026-08-25T15:36:42.461652+00:00,2026-08-23,2026-08-25,SPR,SPIRIT AEROSYSTEMS INC,idvs,last_modified_date,"USAspending award-watch failed after retries for SPR / 'SPIRIT AEROSYSTEMS INC' / idvs / last_modified_date / page 1: ('Connection aborted.', RemoteDisconnected('Remote end closed connection without response'))"
2026-08-25T15:36:42.461659+00:00,2026-08-23,2026-08-25,TXT,TEXTRON,contracts,action_date,"USAspending award-watch failed after retries for TXT / 'TEXTRON' / contracts / action_date / page 1: ('Connection aborted.', RemoteDisconnected('Remote end closed connection without response'))"
2026-08-25T15:36:42.461664+00:00,2026-08-23,2026-08-25,TXT,TEXTRON,contracts,last_modified_date,"USAspending award-watch failed after retries for TXT / 'TEXTRON' / contracts / last_modified_date / page 1: ('Connection aborted.', RemoteDisconnected('Remote end closed connection without response'))"
2026-08-26T16:44:15.324859+00:00,2026-08-23,2026-08-26,SPR,SPIRIT AEROSYSTEMS INC,contracts,last_modified_date,"USAspending award-watch failed after retries for SPR / 'SPIRIT AEROSYSTEMS INC' / contracts / last_modified_date / page 1: ('Connection aborted.', RemoteDisconnected('Remote end closed connection without response'))"
2026-08-26T16:44:15.324905+00:00,2026-08-23,2026-08-26,SPR,SPIRIT AEROSYSTEMS INC,idvs,action_date,"USAspending award-watch failed after retries for SPR / 'SPIRIT AEROSYSTEMS INC' / idvs / action_date / page 1: ('Connection aborted.', RemoteDisconnected('Remote end closed connection without response'))"
2026-08-26T16:44:15.324912+00:00,2026-08-23,2026-08-26,SPR,SPIRIT AEROSYSTEMS INC,idvs,last_modified_date,"USAspending award-watch failed after retries for SPR / 'SPIRIT AEROSYSTEMS INC' / idvs / last_modified_date / page 1: ('Connection aborted.', RemoteDisconnected('Remote end closed connection without response'))"
2026-08-26T16:44:15.324918+00:00,2026-08-23,2026-08-26,TXT,TEXTRON,contracts,action_date,"USAspending award-watch failed after retries for TXT / 'TEXTRON' / contracts / action_date / page 1: ('Connection aborted.', RemoteDisconnected('Remote end closed connection without response'))"
2026-08-26T16:44:15.324924+00:00,2026-08-23,2026-08-26,TXT,TEXTRON,contracts,last_modified_date,"USAspending award-watch failed after retries for TXT / 'TEXTRON' / contracts / last_modified_date / page 1: ('Connection aborted.', RemoteDisconnected('Remote end closed connection without response'))"
2026-08-28T00:09:12.193564+00:00,2026-08-25,2026-08-28,SPR,SPIRIT AEROSYSTEMS INC,contracts,last_modified_date,"USAspending award-watch failed after retries for SPR / 'SPIRIT AEROSYSTEMS INC' / contracts / last_modified_date / page 1: ('Connection aborted.', RemoteDisconnected('Remote end closed connection without response'))"
2026-08-28T00:09:12.193610+00:00,2026-08-25,2026-08-28,SPR,SPIRIT AEROSYSTEMS INC,idvs,action_date,"USAspending award-watch failed after retries for SPR / 'SPIRIT AEROSYSTEMS INC' / idvs / action_date / page 1: ('Connection aborted.', RemoteDisconnected('Remote end closed connection without response'))"
2026-08-28T00:09:12.193616+00:00,2026-08-25,2026-08-28,SPR,SPIRIT AEROSYSTEMS INC,idvs,last_modified_date,"USAspending award-watch failed after retries for SPR / 'SPIRIT AEROSYSTEMS INC' / idvs / last_modified_date / page 1: ('Connection aborted.', RemoteDisconnected('Remote end closed connection without response'))"
2026-08-28T00:09:12.193621+00:00,2026-08-25,2026-08-28,TXT,TEXTRON,contracts,action_date,"USAspending award-watch failed after retries for TXT / 'TEXTRON' / contracts / action_date / page 1: ('Connection aborted.', RemoteDisconnected('Remote end closed connection without response'))"
2026-08-28T00:09:12.193625+00:00,2026-08-25,2026-08-28,TXT,TEXTRON,contracts,last_modified_date,"USAspending award-watch failed after retries for TXT / 'TEXTRON' / contracts / last_modified_date / page 1: ('Connection aborted.', RemoteDisconnected('Remote end closed connection without response'))"
2026-08-28T21:22:52.533614+00:00,2026-08-27,2026-08-28,SPR,SPIRIT AEROSYSTEMS INC,contracts,last_modified_date,"USAspending award-watch failed after retries for SPR / 'SPIRIT AEROSYSTEMS INC' / contracts / last_modified_date / page 1: ('Connection aborted.', RemoteDisconnected('Remote end closed connection without response'))"
2026-08-28T21:22:52.533663+00:00,2026-08-27,2026-08-28,SPR,SPIRIT AEROSYSTEMS INC,idvs,action_date,"USAspending award-watch failed after retries for SPR / 'SPIRIT AEROSYSTEMS INC' / idvs / action_date / page 1: ('Connection aborted.', RemoteDisconnected('Remote end closed connection without response'))"
2026-08-28T21:22:52.533671+00:00,2026-08-27,2026-08-28,SPR,SPIRIT AEROSYSTEMS INC,idvs,last_modified_date,"USAspending award-watch failed after retries for SPR / 'SPIRIT AEROSYSTEMS INC' / idvs / last_modified_date / page 1: ('Connection aborted.', RemoteDisconnected('Remote end closed connection without response'))"
2026-08-28T21:22:52.533676+00:00,2026-08-27,2026-08-28,TXT,TEXTRON,contracts,action_date,"USAspending award-watch failed after retries for TXT / 'TEXTRON' / contracts / action_date / page 1: ('Connection aborted.', RemoteDisconnected('Remote end closed connection without response'))"
2026-08-28T21:22:52.533681+00:00,2026-08-27,2026-08-28,TXT,TEXTRON,contracts,last_modified_date,"USAspending award-watch failed after retries for TXT / 'TEXTRON' / contracts / last_modified_date / page 1: ('Connection aborted.', RemoteDisconnected('Remote end closed connection without response'))"
2026-08-28T21:57:19.233195+00:00,2026-08-27,2026-08-28,SPR,SPIRIT AEROSYSTEMS INC,contracts,last_modified_date,"USAspending award-watch failed after retries for SPR / 'SPIRIT AEROSYSTEMS INC' / contracts / last_modified_date / page 1: ('Connection aborted.', RemoteDisconnected('Remote end closed connection without response'))"
2026-08-28T21:57:19.233239+00:00,2026-08-27,2026-08-28,SPR,SPIRIT AEROSYSTEMS INC,idvs,action_date,"USAspending award-watch failed after retries for SPR / 'SPIRIT AEROSYSTEMS INC' / idvs / action_date / page 1: ('Connection aborted.', RemoteDisconnected('Remote end closed connection without response'))"
2026-08-28T21:57:19.233244+00:00,2026-08-27,2026-08-28,SPR,SPIRIT AEROSYSTEMS INC,idvs,last_modified_date,"USAspending award-watch failed after retries for SPR / 'SPIRIT AEROSYSTEMS INC' / idvs / last_modified_date / page 1: ('Connection aborted.', RemoteDisconnected('Remote end closed connection without response'))"
2026-08-28T21:57:19.233248+00:00,2026-08-27,2026-08-28,TXT,TEXTRON,contracts,action_date,"USAspending award-watch failed after retries for TXT / 'TEXTRON' / contracts / action_date / page 1: ('Connection aborted.', RemoteDisconnected('Remote end closed connection without response'))"
2026-08-28T21:57:19.233252+00:00,2026-08-27,2026-08-28,TXT,TEXTRON,contracts,last_modified_date,"USAspending award-watch failed after retries for TXT / 'TEXTRON' / contracts / last_modified_date / page 1: ('Connection aborted.', RemoteDisconnected('Remote end closed connection without response'))"
2026-08-31T13:27:55.778913+00:00,2026-08-27,2026-08-31,ROK,ROCKWELL AUTOMATION INC,contracts,action_date,"USAspending award-watch failed after retries for ROK / 'ROCKWELL AUTOMATION INC' / contracts / action_date / page 1: ('Connection aborted.', RemoteDisconnected('Remote end closed connection without response'))"
2026-08-31T13:27:55.778958+00:00,2026-08-27,2026-08-31,ROK,ROCKWELL AUTOMATION INC,contracts,last_modified_date,"USAspending award-watch failed after retries for ROK / 'ROCKWELL AUTOMATION INC' / contracts / last_modified_date / page 1: ('Connection aborted.', RemoteDisconnected('Remote end closed connection without response'))"
2026-08-31T13:27:55.778964+00:00,2026-08-27,2026-08-31,ROK,ROCKWELL AUTOMATION INC,idvs,action_date,"USAspending award-watch failed after retries for ROK / 'ROCKWELL AUTOMATION INC' / idvs / action_date / page 1: ('Connection aborted.', RemoteDisconnected('Remote end closed connection without response'))"
2026-08-31T13:27:55.778970+00:00,2026-08-27,2026-08-31,ROK,ROCKWELL AUTOMATION INC,idvs,last_modified_date,"USAspending award-watch failed after retries for ROK / 'ROCKWELL AUTOMATION INC' / idvs / last_modified_date / page 1: ('Connection aborted.', RemoteDisconnected('Remote end closed connection without response'))"
2026-08-31T13:27:55.778974+00:00,2026-08-27,2026-08-31,SATL,IRIDIUM SATELLITE LLC,contracts,action_date,"USAspending award-watch failed after retries for SATL / 'IRIDIUM SATELLITE LLC' / contracts / action_date / page 1: ('Connection aborted.', RemoteDisconnected('Remote end closed connection without response'))"
2026-08-31T23:30:08.465267+00:00,2026-08-30,2026-08-31,SPR,SPIRIT AEROSYSTEMS INC,contracts,last_modified_date,"USAspending award-watch failed after retries for SPR / 'SPIRIT AEROSYSTEMS INC' / contracts / last_modified_date / page 1: ('Connection aborted.', RemoteDisconnected('Remote end closed connection without response'))"
2026-08-31T23:30:08.465317+00:00,2026-08-30,2026-08-31,SPR,SPIRIT AEROSYSTEMS INC,idvs,action_date,"USAspending award-watch failed after retries for SPR / 'SPIRIT AEROSYSTEMS INC' / idvs / action_date / page 1: ('Connection aborted.', RemoteDisconnected('Remote end closed connection without response'))"
2026-08-31T23:30:08.465322+00:00,2026-08-30,2026-08-31,SPR,SPIRIT AEROSYSTEMS INC,idvs,last_modified_date,"USAspending award-watch failed after retries for SPR / 'SPIRIT AEROSYSTEMS INC' / idvs / last_modified_date / page 1: ('Connection aborted.', RemoteDisconnected('Remote end closed connection without response'))"
2026-08-31T23:30:08.465325+00:00,2026-08-30,2026-08-31,TXT,TEXTRON,contracts,action_date,"USAspending award-watch failed after retries for TXT / 'TEXTRON' / contracts / action_date / page 1: ('Connection aborted.', RemoteDisconnected('Remote end closed connection without response'))"
2026-08-31T23:30:08.465328+00:00,2026-08-30,2026-08-31,TXT,TEXTRON,contracts,last_modified_date,"USAspending award-watch failed after retries for TXT / 'TEXTRON' / contracts / last_modified_date / page 1: ('Connection aborted.', RemoteDisconnected('Remote end closed connection without response'))"
2026-09-01T13:33:59.860448+00:00,2026-08-30,2026-09-01,SPR,SPIRIT AEROSYSTEMS INC,contracts,last_modified_date,"USAspending award-watch failed after retries for SPR / 'SPIRIT AEROSYSTEMS INC' / contracts / last_modified_date / page 1: ('Connection aborted.', RemoteDisconnected('Remote end closed connection without response'))"
2026-09-01T13:33:59.860490+00:00,2026-08-30,2026-09-01,SPR,SPIRIT AEROSYSTEMS INC,idvs,action_date,"USAspending award-watch failed after retries for SPR / 'SPIRIT AEROSYSTEMS INC' / idvs / action_date / page 1: ('Connection aborted.', RemoteDisconnected('Remote end closed connection without response'))"
2026-09-01T13:33:59.860497+00:00,2026-08-30,2026-09-01,SPR,SPIRIT AEROSYSTEMS INC,idvs,last_modified_date,"USAspending award-watch failed after retries for SPR / 'SPIRIT AEROSYSTEMS INC' / idvs / last_modified_date / page 1: ('Connection aborted.', RemoteDisconnected('Remote end closed connection without response'))"
2026-09-01T13:33:59.860502+00:00,2026-08-30,2026-09-01,TXT,TEXTRON,contracts,action_date,"USAspending award-watch failed after retries for TXT / 'TEXTRON' / contracts / action_date / page 1: ('Connection aborted.', RemoteDisconnected('Remote end closed connection without response'))"
2026-09-01T13:33:59.860506+00:00,2026-08-30,2026-09-01,TXT,TEXTRON,contracts,last_modified_date,"USAspending award-watch failed after retries for TXT / 'TEXTRON' / contracts / last_modified_date / page 1: ('Connection aborted.', RemoteDisconnected('Remote end closed connection without response'))"
2026-09-02T03:10:55.810411+00:00,2026-08-31,2026-09-02,SPR,SPIRIT AEROSYSTEMS INC,contracts,last_modified_date,"USAspending award-watch failed after retries for SPR / 'SPIRIT AEROSYSTEMS INC' / contracts / last_modified_date / page 1: ('Connection aborted.', RemoteDisconnected('Remote end closed connection without response'))"
2026-09-02T03:10:55.810458+00:00,2026-08-31,2026-09-02,SPR,SPIRIT AEROSYSTEMS INC,idvs,action_date,"USAspending award-watch failed after retries for SPR / 'SPIRIT AEROSYSTEMS INC' / idvs / action_date / page 1: ('Connection aborted.', RemoteDisconnected('Remote end closed connection without response'))"
2026-09-02T03:10:55.810464+00:00,2026-08-31,2026-09-02,SPR,SPIRIT AEROSYSTEMS INC,idvs,last_modified_date,"USAspending award-watch failed after retries for SPR / 'SPIRIT AEROSYSTEMS INC' / idvs / last_modified_date / page 1: ('Connection aborted.', RemoteDisconnected('Remote end closed connection without response'))"
2026-09-02T03:10:55.810469+00:00,2026-08-31,2026-09-02,TXT,TEXTRON,contracts,action_date,"USAspending award-watch failed after retries for TXT / 'TEXTRON' / contracts / action_date / page 1: ('Connection aborted.', RemoteDisconnected('Remote end closed connection without response'))"
2026-09-02T03:10:55.810473+00:00,2026-08-31,2026-09-02,TXT,TEXTRON,contracts,last_modified_date,"USAspending award-watch failed after retries for TXT / 'TEXTRON' / contracts / last_modified_date / page 1: ('Connection aborted.', RemoteDisconnected('Remote end closed connection without response'))"
2026-09-02T13:34:51.574960+00:00,2026-08-31,2026-09-02,SPIR,"ANASPHERE, INC",idvs,action_date,"USAspending award-watch failed after retries for SPIR / 'ANASPHERE, INC' / idvs / action_date / page 1: ('Connection aborted.', RemoteDisconnected('Remote end closed connection without response'))"
2026-09-02T13:34:51.575005+00:00,2026-08-31,2026-09-02,SPIR,"ANASPHERE, INC",idvs,last_modified_date,"USAspending award-watch failed after retries for SPIR / 'ANASPHERE, INC' / idvs / last_modified_date / page 1: ('Connection aborted.', RemoteDisconnected('Remote end closed connection without response'))"
2026-09-02T13:34:51.575012+00:00,2026-08-31,2026-09-02,SPR,SPIRIT AEROSYSTEMS INC,contracts,action_date,"USAspending award-watch failed after retries for SPR / 'SPIRIT AEROSYSTEMS INC' / contracts / action_date / page 1: ('Connection aborted.', RemoteDisconnected('Remote end closed connection without response'))"
2026-09-02T13:34:51.575017+00:00,2026-08-31,2026-09-02,SPR,SPIRIT AEROSYSTEMS INC,contracts,last_modified_date,"USAspending award-watch failed after retries for SPR / 'SPIRIT AEROSYSTEMS INC' / contracts / last_modified_date / page 1: ('Connection aborted.', RemoteDisconnected('Remote end closed connection without response'))"
2026-09-02T13:34:51.575022+00:00,2026-08-31,2026-09-02,SPR,SPIRIT AEROSYSTEMS INC,idvs,action_date,"USAspending award-watch failed after retries for SPR / 'SPIRIT AEROSYSTEMS INC' / idvs / action_date / page 1: ('Connection aborted.', RemoteDisconnected('Remote end closed connection without response'))"
2026-09-03T13:34:53.848866+00:00,2026-09-01,2026-09-03,SPR,SPIRIT AEROSYSTEMS INC,contracts,last_modified_date,"USAspending award-watch failed after retries for SPR / 'SPIRIT AEROSYSTEMS INC' / contracts / last_modified_date / page 1: ('Connection aborted.', RemoteDisconnected('Remote end closed connection without response'))"
2026-09-03T13:34:53.848914+00:00,2026-09-01,2026-09-03,SPR,SPIRIT AEROSYSTEMS INC,idvs,action_date,"USAspending award-watch failed after retries for SPR / 'SPIRIT AEROSYSTEMS INC' / idvs / action_date / page 1: ('Connection aborted.', RemoteDisconnected('Remote end closed connection without response'))"
2026-09-03T13:34:53.848920+00:00,2026-09-01,2026-09-03,SPR,SPIRIT AEROSYSTEMS INC,idvs,last_modified_date,"USAspending award-watch failed after retries for SPR / 'SPIRIT AEROSYSTEMS INC' / idvs / last_modified_date / page 1: ('Connection aborted.', RemoteDisconnected('Remote end closed connection without response'))"
2026-09-03T13:34:53.848925+00:00,2026-09-01,2026-09-03,TXT,TEXTRON,contracts,action_date,"USAspending award-watch failed after retries for TXT / 'TEXTRON' / contracts / action_date / page 1: ('Connection aborted.', RemoteDisconnected('Remote end closed connection without response'))"
2026-09-03T13:34:53.848929+00:00,2026-09-01,2026-09-03,TXT,TEXTRON,contracts,last_modified_date,"USAspending award-watch failed after retries for TXT / 'TEXTRON' / contracts / last_modified_date / page 1: ('Connection aborted.', RemoteDisconnected('Remote end closed connection without response'))"
2026-09-04T13:34:09.440113+00:00,2026-09-02,2026-09-04,SPR,SPIRIT AEROSYSTEMS INC,contracts,last_modified_date,"USAspending award-watch failed after retries for SPR / 'SPIRIT AEROSYSTEMS INC' / contracts / last_modified_date / page 1: ('Connection aborted.', RemoteDisconnected('Remote end closed connection without response'))"
2026-09-04T13:34:09.440153+00:00,2026-09-02,2026-09-04,SPR,SPIRIT AEROSYSTEMS INC,idvs,action_date,"USAspending award-watch failed after retries for SPR / 'SPIRIT AEROSYSTEMS INC' / idvs / action_date / page 1: ('Connection aborted.', RemoteDisconnected('Remote end closed connection without response'))"
2026-09-04T13:34:09.440158+00:00,2026-09-02,2026-09-04,SPR,SPIRIT AEROSYSTEMS INC,idvs,last_modified_date,"USAspending award-watch failed after retries for SPR / 'SPIRIT AEROSYSTEMS INC' / idvs / last_modified_date / page 1: ('Connection aborted.', RemoteDisconnected('Remote end closed connection without response'))"
2026-09-04T13:34:09.440163+00:00,2026-09-02,2026-09-04,TXT,TEXTRON,contracts,action_date,"USAspending award-watch failed after retries for TXT / 'TEXTRON' / contracts / action_date / page 1: ('Connection aborted.', RemoteDisconnected('Remote end closed connection without response'))"
2026-09-04T13:34:09.440167+00:00,2026-09-02,2026-09-04,TXT,TEXTRON,contracts,last_modified_date,"USAspending award-watch failed after retries for TXT / 'TEXTRON' / contracts / last_modified_date / page 1: ('Connection aborted.', RemoteDisconnected('Remote end closed connection without response'))"
2026-09-07T13:36:04.064034+00:00,2026-09-03,2026-09-07,SPR,SPIRIT AEROSYSTEMS INC,contracts,action_date,"USAspending award-watch failed after retries for SPR / 'SPIRIT AEROSYSTEMS INC' / contracts / action_date / page 1: ('Connection aborted.', RemoteDisconnected('Remote end closed connection without response'))"
2026-09-07T13:36:04.064072+00:00,2026-09-03,2026-09-07,SPR,SPIRIT AEROSYSTEMS INC,contracts,last_modified_date,"USAspending award-watch failed after retries for SPR / 'SPIRIT AEROSYSTEMS INC' / contracts / last_modified_date / page 1: ('Connection aborted.', RemoteDisconnected('Remote end closed connection without response'))"
2026-09-07T13:36:04.064076+00:00,2026-09-03,2026-09-07,SPR,SPIRIT AEROSYSTEMS INC,idvs,action_date,"USAspending award-watch failed after retries for SPR / 'SPIRIT AEROSYSTEMS INC' / idvs / action_date / page 1: ('Connection aborted.', RemoteDisconnected('Remote end closed connection without response'))"
2026-09-07T13:36:04.064080+00:00,2026-09-03,2026-09-07,SPR,SPIRIT AEROSYSTEMS INC,idvs,last_modified_date,"USAspending award-watch failed after retries for SPR / 'SPIRIT AEROSYSTEMS INC' / idvs / last_modified_date / page 1: ('Connection aborted.', RemoteDisconnected('Remote end closed connection without response'))"
2026-09-07T13:36:04.064083+00:00,2026-09-03,2026-09-07,TXT,TEXTRON,contracts,action_date,"USAspending award-watch failed after retries for TXT / 'TEXTRON' / contracts / action_date / page 1: ('Connection aborted.', RemoteDisconnected('Remote end closed connection without response'))"
2026-09-08T13:36:23.294884+00:00,2026-09-06,2026-09-08,SPR,SPIRIT AEROSYSTEMS INC,contracts,last_modified_date,"USAspending award-watch failed after retries for SPR / 'SPIRIT AEROSYSTEMS INC' / contracts / last_modified_date / page 1: ('Connection aborted.', RemoteDisconnected('Remote end closed connection without response'))"
2026-09-08T13:36:23.294930+00:00,2026-09-06,2026-09-08,SPR,SPIRIT AEROSYSTEMS INC,idvs,action_date,"USAspending award-watch failed after retries for SPR / 'SPIRIT AEROSYSTEMS INC' / idvs / action_date / page 1: ('Connection aborted.', RemoteDisconnected('Remote end closed connection without response'))"
2026-09-08T13:36:23.294935+00:00,2026-09-06,2026-09-08,SPR,SPIRIT AEROSYSTEMS INC,idvs,last_modified_date,"USAspending award-watch failed after retries for SPR / 'SPIRIT AEROSYSTEMS INC' / idvs / last_modified_date / page 1: ('Connection aborted.', RemoteDisconnected('Remote end closed connection without response'))"
2026-09-08T13:36:23.294938+00:00,2026-09-06,2026-09-08,TXT,TEXTRON,contracts,action_date,"USAspending award-watch failed after retries for TXT / 'TEXTRON' / contracts / action_date / page 1: ('Connection aborted.', RemoteDisconnected('Remote end closed connection without response'))"
2026-09-08T13:36:23.294942+00:00,2026-09-06,2026-09-08,TXT,TEXTRON,contracts,last_modified_date,"USAspending award-watch failed after retries for TXT / 'TEXTRON' / contracts / last_modified_date / page 1: ('Connection aborted.', RemoteDisconnected('Remote end closed connection without response'))"
2026-09-10T17:06:37.058888+00:00,2026-09-07,2026-09-10,SPR,SPIRIT AEROSYSTEMS INC,contracts,last_modified_date,"USAspending award-watch failed after retries for SPR / 'SPIRIT AEROSYSTEMS INC' / contracts / last_modified_date / page 1: ('Connection aborted.', RemoteDisconnected('Remote end closed connection without response'))"
2026-09-10T17:06:37.058928+00:00,2026-09-07,2026-09-10,SPR,SPIRIT AEROSYSTEMS INC,idvs,action_date,"USAspending award-watch failed after retries for SPR / 'SPIRIT AEROSYSTEMS INC' / idvs / action_date / page 1: ('Connection aborted.', RemoteDisconnected('Remote end closed connection without response'))"
2026-09-10T17:06:37.058935+00:00,2026-09-07,2026-09-10,SPR,SPIRIT AEROSYSTEMS INC,idvs,last_modified_date,"USAspending award-watch failed after retries for SPR / 'SPIRIT AEROSYSTEMS INC' / idvs / last_modified_date / page 1: ('Connection aborted.', RemoteDisconnected('Remote end closed connection without response'))"
2026-09-10T17:06:37.058940+00:00,2026-09-07,2026-09-10,TXT,TEXTRON,contracts,action_date,"USAspending award-watch failed after retries for TXT / 'TEXTRON' / contracts / action_date / page 1: ('Connection aborted.', RemoteDisconnected('Remote end closed connection without response'))"
2026-09-10T17:06:37.058945+00:00,2026-09-07,2026-09-10,TXT,TEXTRON,contracts,last_modified_date,"USAspending award-watch failed after retries for TXT / 'TEXTRON' / contracts / last_modified_date / page 1: ('Connection aborted.', RemoteDisconnected('Remote end closed connection without response'))"
2026-09-11T17:08:42.881719+00:00,2026-09-09,2026-09-11,SPR,SPIRIT AEROSYSTEMS INC,contracts,last_modified_date,"USAspending award-watch failed after retries for SPR / 'SPIRIT AEROSYSTEMS INC' / contracts / last_modified_date / page 1: ('Connection aborted.', RemoteDisconnected('Remote end closed connection without response'))"
2026-09-11T17:08:42.881763+00:00,2026-09-09,2026-09-11,SPR,SPIRIT AEROSYSTEMS INC,idvs,action_date,"USAspending award-watch failed after retries for SPR / 'SPIRIT AEROSYSTEMS INC' / idvs / action_date / page 1: ('Connection aborted.', RemoteDisconnected('Remote end closed connection without response'))"
2026-09-11T17:08:42.881770+00:00,2026-09-09,2026-09-11,SPR,SPIRIT AEROSYSTEMS INC,idvs,last_modified_date,"USAspending award-watch failed after retries for SPR / 'SPIRIT AEROSYSTEMS INC' / idvs / last_modified_date / page 1: ('Connection aborted.', RemoteDisconnected('Remote end closed connection without response'))"
2026-09-11T17:08:42.881776+00:00,2026-09-09,2026-09-11,TXT,TEXTRON,contracts,action_date,"USAspending award-watch failed after retries for TXT / 'TEXTRON' / contracts / action_date / page 1: ('Connection aborted.', RemoteDisconnected('Remote end closed connection without response'))"
2026-09-11T17:08:42.881781+00:00,2026-09-09,2026-09-11,TXT,TEXTRON,contracts,last_modified_date,"USAspending award-watch failed after retries for TXT / 'TEXTRON' / contracts / last_modified_date / page 1: ('Connection aborted.', RemoteDisconnected('Remote end closed connection without response'))"
2026-09-17T17:45:17.033896+00:00,2026-09-14,2026-09-17,SPR,SPIRIT AEROSYSTEMS INC,contracts,last_modified_date,"USAspending award-watch failed after retries for SPR / 'SPIRIT AEROSYSTEMS INC' / contracts / last_modified_date / page 1: ('Connection aborted.', RemoteDisconnected('Remote end closed connection without response'))"
2026-09-17T17:45:17.033955+00:00,2026-09-14,2026-09-17,SPR,SPIRIT AEROSYSTEMS INC,idvs,action_date,"USAspending award-watch failed after retries for SPR / 'SPIRIT AEROSYSTEMS INC' / idvs / action_date / page 1: ('Connection aborted.', RemoteDisconnected('Remote end closed connection without response'))"
2026-09-17T17:45:17.033960+00:00,2026-09-14,2026-09-17,SPR,SPIRIT AEROSYSTEMS INC,idvs,last_modified_date,"USAspending award-watch failed after retries for SPR / 'SPIRIT AEROSYSTEMS INC' / idvs / last_modified_date / page 1: ('Connection aborted.', RemoteDisconnected('Remote end closed connection without response'))"
2026-09-17T17:45:17.033964+00:00,2026-09-14,2026-09-17,TXT,TEXTRON,contracts,action_date,"USAspending award-watch failed after retries for TXT / 'TEXTRON' / contracts / action_date / page 1: ('Connection aborted.', RemoteDisconnected('Remote end closed connection without response'))"
2026-09-17T17:45:17.033968+00:00,2026-09-14,2026-09-17,TXT,TEXTRON,contracts,last_modified_date,"USAspending award-watch failed after retries for TXT / 'TEXTRON' / contracts / last_modified_date / page 1: ('Connection aborted.', RemoteDisconnected('Remote end closed connection without response'))"
2026-09-22T17:45:00.933222+00:00,2026-09-20,2026-09-22,SPR,SPIRIT AEROSYSTEMS INC,contracts,last_modified_date,"USAspending award-watch failed after retries for SPR / 'SPIRIT AEROSYSTEMS INC' / contracts / last_modified_date / page 1: ('Connection aborted.', RemoteDisconnected('Remote end closed connection without response'))"
2026-09-22T17:45:00.933265+00:00,2026-09-20,2026-09-22,SPR,SPIRIT AEROSYSTEMS INC,idvs,action_date,"USAspending award-watch failed after retries for SPR / 'SPIRIT AEROSYSTEMS INC' / idvs / action_date / page 1: ('Connection aborted.', RemoteDisconnected('Remote end closed connection without response'))"
2026-09-22T17:45:00.933272+00:00,2026-09-20,2026-09-22,SPR,SPIRIT AEROSYSTEMS INC,idvs,last_modified_date,"USAspending award-watch failed after retries for SPR / 'SPIRIT AEROSYSTEMS INC' / idvs / last_modified_date / page 1: ('Connection aborted.', RemoteDisconnected('Remote end closed connection without response'))"
2026-09-22T17:45:00.933277+00:00,2026-09-20,2026-09-22,TXT,TEXTRON,contracts,action_date,"USAspending award-watch failed after retries for TXT / 'TEXTRON' / contracts / action_date / page 1: ('Connection aborted.', RemoteDisconnected('Remote end closed connection without response'))"
2026-09-22T17:45:00.933282+00:00,2026-09-20,2026-09-22,TXT,TEXTRON,contracts,last_modified_date,"USAspending award-watch failed after retries for TXT / 'TEXTRON' / contracts / last_modified_date / page 1: ('Connection aborted.', RemoteDisconnected('Remote end closed connection without response'))"
2026-09-28T20:16:18.242521+00:00,2026-09-23,2026-09-28,SPIR,"ANASPHERE, INC",idvs,last_modified_date,"USAspending award-watch failed after retries for SPIR / 'ANASPHERE, INC' / idvs / last_modified_date / page 1: ('Connection aborted.', RemoteDisconnected('Remote end closed connection without response'))"
2026-09-28T20:16:18.242564+00:00,2026-09-23,2026-09-28,SPR,SPIRIT AEROSYSTEMS INC,contracts,action_date,"USAspending award-watch failed after retries for SPR / 'SPIRIT AEROSYSTEMS INC' / contracts / action_date / page 1: ('Connection aborted.', RemoteDisconnected('Remote end closed connection without response'))"
2026-09-28T20:16:18.242571+00:00,2026-09-23,2026-09-28,SPR,SPIRIT AEROSYSTEMS INC,contracts,last_modified_date,"USAspending award-watch failed after retries for SPR / 'SPIRIT AEROSYSTEMS INC' / contracts / last_modified_date / page 1: ('Connection aborted.', RemoteDisconnected('Remote end closed connection without response'))"
2026-09-28T20:16:18.242576+00:00,2026-09-23,2026-09-28,SPR,SPIRIT AEROSYSTEMS INC,idvs,action_date,"USAspending award-watch failed after retries for SPR / 'SPIRIT AEROSYSTEMS INC' / idvs / action_date / page 1: ('Connection aborted.', RemoteDisconnected('Remote end closed connection without response'))"
2026-09-28T20:16:18.242582+00:00,2026-09-23,2026-09-28,SPR,SPIRIT AEROSYSTEMS INC,idvs,last_modified_date,"USAspending award-watch failed after retries for SPR / 'SPIRIT AEROSYSTEMS INC' / idvs / last_modified_date / page 1: ('Connection aborted.', RemoteDisconnected('Remote end closed connection without response'))"
2026-09-29T18:46:04.082892+00:00,2026-09-27,2026-09-29,SPR,SPIRIT AEROSYSTEMS INC,contracts,last_modified_date,"USAspending award-watch failed after retries for SPR / 'SPIRIT AEROSYSTEMS INC' / contracts / last_modified_date / page 1: ('Connection aborted.', RemoteDisconnected('Remote end closed connection without response'))"
2026-09-29T18:46:04.082935+00:00,2026-09-27,2026-09-29,SPR,SPIRIT AEROSYSTEMS INC,idvs,action_date,"USAspending award-watch failed after retries for SPR / 'SPIRIT AEROSYSTEMS INC' / idvs / action_date / page 1: ('Connection aborted.', RemoteDisconnected('Remote end closed connection without response'))"
2026-09-29T18:46:04.082942+00:00,2026-09-27,2026-09-29,SPR,SPIRIT AEROSYSTEMS INC,idvs,last_modified_date,"USAspending award-watch failed after retries for SPR / 'SPIRIT AEROSYSTEMS INC' / idvs / last_modified_date / page 1: ('Connection aborted.', RemoteDisconnected('Remote end closed connection without response'))"
2026-09-29T18:46:04.082947+00:00,2026-09-27,2026-09-29,TXT,TEXTRON,contracts,action_date,"USAspending award-watch failed after retries for TXT / 'TEXTRON' / contracts / action_date / page 1: ('Connection aborted.', RemoteDisconnected('Remote end closed connection without response'))"
2026-09-29T18:46:04.082952+00:00,2026-09-27,2026-09-29,TXT,TEXTRON,contracts,last_modified_date,"USAspending award-watch failed after retries for TXT / 'TEXTRON' / contracts / last_modified_date / page 1: ('Connection aborted.', RemoteDisconnected('Remote end closed connection without response'))"
2026-10-02T18:32:00.355923+00:00,2026-09-30,2026-10-02,SPR,SPIRIT AEROSYSTEMS INC,contracts,last_modified_date,"USAspending award-watch failed after retries for SPR / 'SPIRIT AEROSYSTEMS INC' / contracts / last_modified_date / page 1: ('Connection aborted.', RemoteDisconnected('Remote end closed connection without response'))"
2026-10-02T18:32:00.355961+00:00,2026-09-30,2026-10-02,SPR,SPIRIT AEROSYSTEMS INC,idvs,action_date,"USAspending award-watch failed after retries for SPR / 'SPIRIT AEROSYSTEMS INC' / idvs / action_date / page 1: ('Connection aborted.', RemoteDisconnected('Remote end closed connection without response'))"
2026-10-02T18:32:00.355968+00:00,2026-09-30,2026-10-02,SPR,SPIRIT AEROSYSTEMS INC,idvs,last_modified_date,"USAspending award-watch failed after retries for SPR / 'SPIRIT AEROSYSTEMS INC' / idvs / last_modified_date / page 1: ('Connection aborted.', RemoteDisconnected('Remote end closed connection without response'))"
2026-10-02T18:32:00.355973+00:00,2026-09-30,2026-10-02,TXT,TEXTRON,contracts,action_date,"USAspending award-watch failed after retries for TXT / 'TEXTRON' / contracts / action_date / page 1: ('Connection aborted.', RemoteDisconnected('Remote end closed connection without response'))"
2026-10-02T18:32:00.355978+00:00,2026-09-30,2026-10-02,TXT,TEXTRON,contracts,last_modified_date,"USAspending award-watch failed after retries for TXT / 'TEXTRON' / contracts / last_modified_date / page 1: ('Connection aborted.', RemoteDisconnected('Remote end closed connection without response'))"
2026-10-06T19:03:39.008341+00:00,2026-09-30,2026-10-06,SPR,SPIRIT AEROSYSTEMS INC,contracts,last_modified_date,"USAspending award-watch failed after retries for SPR / 'SPIRIT AEROSYSTEMS INC' / contracts / last_modified_date / page 1: ('Connection aborted.', RemoteDisconnected('Remote end closed connection without response'))"
2026-10-06T19:03:39.008382+00:00,2026-09-30,2026-10-06,SPR,SPIRIT AEROSYSTEMS INC,idvs,action_date,"USAspending award-watch failed after retries for SPR / 'SPIRIT AEROSYSTEMS INC' / idvs / action_date / page 1: ('Connection aborted.', RemoteDisconnected('Remote end closed connection without response'))"
2026-10-06T19:03:39.008387+00:00,2026-09-30,2026-10-06,SPR,SPIRIT AEROSYSTEMS INC,idvs,last_modified_date,"USAspending award-watch failed after retries for SPR / 'SPIRIT AEROSYSTEMS INC' / idvs / last_modified_date / page 1: ('Connection aborted.', RemoteDisconnected('Remote end closed connection without response'))"
2026-10-06T19:03:39.008391+00:00,2026-09-30,2026-10-06,TXT,TEXTRON,contracts,action_date,"USAspending award-watch failed after retries for TXT / 'TEXTRON' / contracts / action_date / page 1: ('Connection aborted.', RemoteDisconnected('Remote end closed connection without response'))"
2026-10-06T19:03:39.008394+00:00,2026-09-30,2026-10-06,TXT,TEXTRON,contracts,last_modified_date,"USAspending award-watch failed after retries for TXT / 'TEXTRON' / contracts / last_modified_date / page 1: ('Connection aborted.', RemoteDisconnected('Remote end closed connection without response'))"
2026-10-07T19:27:12.595874+00:00,2026-10-05,2026-10-07,SPR,SPIRIT AEROSYSTEMS INC,contracts,last_modified_date,"USAspending award-watch failed after retries for SPR / 'SPIRIT AEROSYSTEMS INC' / contracts / last_modified_date / page 1: ('Connection aborted.', RemoteDisconnected('Remote end closed connection without response'))"
2026-10-07T19:27:12.595926+00:00,2026-10-05,2026-10-07,SPR,SPIRIT AEROSYSTEMS INC,idvs,action_date,"USAspending award-watch failed after retries for SPR / 'SPIRIT AEROSYSTEMS INC' / idvs / action_date / page 1: ('Connection aborted.', RemoteDisconnected('Remote end closed connection without response'))"
2026-10-07T19:27:12.595930+00:00,2026-10-05,2026-10-07,SPR,SPIRIT AEROSYSTEMS INC,idvs,last_modified_date,"USAspending award-watch failed after retries for SPR / 'SPIRIT AEROSYSTEMS INC' / idvs / last_modified_date / page 1: ('Connection aborted.', RemoteDisconnected('Remote end closed connection without response'))"
2026-10-07T19:27:12.595934+00:00,2026-10-05,2026-10-07,TXT,TEXTRON,contracts,action_date,"USAspending award-watch failed after retries for TXT / 'TEXTRON' / contracts / action_date / page 1: ('Connection aborted.', RemoteDisconnected('Remote end closed connection without response'))"
2026-10-07T19:27:12.595938+00:00,2026-10-05,2026-10-07,TXT,TEXTRON,contracts,last_modified_date,"USAspending award-watch failed after retries for TXT / 'TEXTRON' / contracts / last_modified_date / page 1: ('Connection aborted.', RemoteDisconnected('Remote end closed connection without response'))"
2026-10-08T19:24:21.866328+00:00,2026-10-05,2026-10-08,SPR,SPIRIT AEROSYSTEMS INC,contracts,last_modified_date,"USAspending award-watch failed after retries for SPR / 'SPIRIT AEROSYSTEMS INC' / contracts / last_modified_date / page 1: ('Connection aborted.', RemoteDisconnected('Remote end closed connection without response'))"
2026-10-08T19:24:21.866369+00:00,2026-10-05,2026-10-08,SPR,SPIRIT AEROSYSTEMS INC,idvs,action_date,"USAspending award-watch failed after retries for SPR / 'SPIRIT AEROSYSTEMS INC' / idvs / action_date / page 1: ('Connection aborted.', RemoteDisconnected('Remote end closed connection without response'))"
2026-10-08T19:24:21.866374+00:00,2026-10-05,2026-10-08,SPR,SPIRIT AEROSYSTEMS INC,idvs,last_modified_date,"USAspending award-watch failed after retries for SPR / 'SPIRIT AEROSYSTEMS INC' / idvs / last_modified_date / page 1: ('Connection aborted.', RemoteDisconnected('Remote end closed connection without response'))"
2026-10-08T19:24:21.866377+00:00,2026-10-05,2026-10-08,TXT,TEXTRON,contracts,action_date,"USAspending award-watch failed after retries for TXT / 'TEXTRON' / contracts / action_date / page 1: ('Connection aborted.', RemoteDisconnected('Remote end closed connection without response'))"
2026-10-08T19:24:21.866380+00:00,2026-10-05,2026-10-08,TXT,TEXTRON,contracts,last_modified_date,"USAspending award-watch failed after retries for TXT / 'TEXTRON' / contracts / last_modified_date / page 1: ('Connection aborted.', RemoteDisconnected('Remote end closed connection without response'))"
2026-10-09T18:56:44.448630+00:00,2026-10-07,2026-10-09,SPR,SPIRIT AEROSYSTEMS INC,contracts,last_modified_date,"USAspending award-watch failed after retries for SPR / 'SPIRIT AEROSYSTEMS INC' / contracts / last_modified_date / page 1: ('Connection aborted.', RemoteDisconnected('Remote end closed connection without response'))"
2026-10-09T18:56:44.448672+00:00,2026-10-07,2026-10-09,SPR,SPIRIT AEROSYSTEMS INC,idvs,action_date,"USAspending award-watch failed after retries for SPR / 'SPIRIT AEROSYSTEMS INC' / idvs / action_date / page 1: ('Connection aborted.', RemoteDisconnected('Remote end closed connection without response'))"
2026-10-09T18:56:44.448679+00:00,2026-10-07,2026-10-09,SPR,SPIRIT AEROSYSTEMS INC,idvs,last_modified_date,"USAspending award-watch failed after retries for SPR / 'SPIRIT AEROSYSTEMS INC' / idvs / last_modified_date / page 1: ('Connection aborted.', RemoteDisconnected('Remote end closed connection without response'))"
2026-10-09T18:56:44.448684+00:00,2026-10-07,2026-10-09,TXT,TEXTRON,contracts,action_date,"USAspending award-watch failed after retries for TXT / 'TEXTRON' / contracts / action_date / page 1: ('Connection aborted.', RemoteDisconnected('Remote end closed connection without response'))"
2026-10-09T18:56:44.448689+00:00,2026-10-07,2026-10-09,TXT,TEXTRON,contracts,last_modified_date,"USAspending award-watch failed after retries for TXT / 'TEXTRON' / contracts / last_modified_date / page 1: ('Connection aborted.', RemoteDisconnected('Remote end closed connection without response'))"
